[DEFAULT]
wt_open_long_threshold = -74.71920550222853
wt_open_short_threshold = 51.60084744947005
mfi_open_threshold = 31.247337231471278
mfi_close_threshold = -39.67990523435246
wt_exit_long_threshold = 3.6912330001644342
wt_exit_short_threshold = -29.71539978030967

