[DEFAULT]
wt_open_long_threshold = -67.40053389650956
wt_open_short_threshold = 53.862554424741425
mfi_open_threshold = 25.475836039496947
mfi_close_threshold = -25.722666620659556
wt_exit_long_threshold = 11.825329426859312
wt_exit_short_threshold = -67.5085808828128

