[DEFAULT]
wt_open_long_threshold = -78.65742199197065
wt_open_short_threshold = 20.1353596387661
mfi_open_threshold = 14.53411243766
mfi_close_threshold = -15.969587779917157
wt_exit_long_threshold = -23.4640924152428
wt_exit_short_threshold = -62.170686830731924

