[DEFAULT]
wt_open_long_threshold = -35.579401752180104
wt_open_short_threshold = -88.94488705357752
mfi_open_threshold = -38.749351672231924
mfi_close_threshold = -17.534902840667115
wt_exit_long_threshold = 20.639545166944416
wt_exit_short_threshold = 71.69397178857793

