[DEFAULT]
wt_open_long_threshold = -77.41417213076774
wt_open_short_threshold = 18.00452901806506
mfi_open_threshold = 18.353717569496236
mfi_close_threshold = -17.549457780456418
wt_exit_long_threshold = -4.413082875685628
wt_exit_short_threshold = -56.10949060362392

