[DEFAULT]
wt_open_long_threshold = -53.528344121262855
wt_open_short_threshold = 65.6002874965215
mfi_open_threshold = 23.659044208793837
mfi_close_threshold = -31.80412516872213
wt_exit_long_threshold = 12.238267322311005
wt_exit_short_threshold = -72.59615142110648

