[DEFAULT]
wt_open_long_threshold = -1.7223696566878202
wt_open_short_threshold = 56.40742750820327
mfi_long_threshold = 14.956331190752993
mfi_short_threshold = -1.2195243683641337
wt_exit_long_threshold = -9.500285788598624
wt_exit_short_threshold = -92.58216108964527

